nchain_A = 1920
nchain_B = 1920
natom_perchain = 32
natom_total = 122880
nbonds_total = 119040
pm_type = 0
density = 51.499728
rho_norm = 30.000000
bondlen = 1.000000
chi = 0.100000
kappa = 1.562500
kspring = 1.500000
box_size = 13.362634
grid_size = 0.835165
maxsite_1d = 16
nsites = 4096
