Nbb = 20
Nsc = 3
f_branch = 2
natom_perchain = 140
natom_total = 239960
nbonds_total = 238246
pm_type = 0
density = 45.279421
rho_norm = 29.995000
bondlen = 1.000000
chi = 0.100000
kappa = 1.562500
kspring = 1.500000
box_size = 17.435596
grid_size = 0.871780
maxsite_1d = 20
nsites = 8000
